14（11） 170,000 165,000 ～ 175,000 16,881.0 8,440.5 19,924.0 9,962.0 31,110.00 15,555.00
15（12） 180,000 175,000 ～ 185,000 17,874.0 8,937.0 21,096.0 10,548.0 32,940.00 16,470.00
16（13） 190,000 185,000 ～ 195,000 18,867.0 9,433.5 22,268.0 11,134.0 34,770.00 17,385.00
17（14） 200,000 195,000 ～ 210,000 19,860.0 9,930.0 23,440.0 11,720.0 36,600.00 18,300.00
18（15） 220,000 210,000 ～ 230,000 21,846.0 10,923.0 25,784.0 12,892.0 40,260.00 20,130.00
19（16） 240,000 230,000 ～ 250,000 23,832.0 11,916.0 28,128.0 14,064.0 43,920.00 21,960.00
20（17） 260,000 250,000 ～ 270,000 25,818.0 12,909.0 30,472.0 15,236.0 47,580.00 23,790.00
21（18） 280,000 270,000 ～ 290,000 27,804.0 13,902.0 32,816.0 16,408.0 51,240.00 25,620.00
22（19） 300,000 290,000 ～ 310,000 29,790.0 14,895.0 35,160.0 17,580.0 54,900.00 27,450.00
23（20） 320,000 310,000 ～ 330,000 31,776.0 15,888.0 37,504.0 18,752.0 58,560.00 29,280.00
24（21） 340,000 330,000 ～ 350,000 33,762.0 16,881.0 39,848.0 19,924.0 62,220.00 31,110.00
25（22） 360,000 350,000 ～ 370,000 35,748.0 17,874.0 42,192.0 21,096.0 65,880.00 32,940.00
26（23） 380,000 370,000 ～ 395,000 37,734.0 18,867.0 44,536.0 22,268.0 69,540.00 34,770.00
27（24） 410,000 395,000 ～ 425,000 40,713.0 20,356.5 48,052.0 24,026.0 75,030.00 37,515.00
28（25） 440,000 425,000 ～ 455,000 43,692.0 21,846.0 51,568.0 25,784.0 80,520.00 40,260.00
29（26） 470,000 455,000 ～ 485,000 46,671.0 23,335.5 55,084.0 27,542.0 86,010.00 43,005.00
30（27） 500,000 485,000 ～ 515,000 49,650.0 24,825.0 58,600.0 29,300.0 91,500.00 45,750.00
31（28） 530,000 515,000 ～ 545,000 52,629.0 26,314.5 62,116.0 31,058.0 96,990.00 48,495.00
