5,772,000 5,776,000 4,177,600 5,972,000 5,976,000 4,337,600 6,172,000 6,176,000 4,497,600
5,776,000 5,780,000 4,180,800 5,976,000 5,980,000 4,340,800 6,176,000 6,180,000 4,500,800
5,780,000 5,784,000 4,184,000 5,980,000 5,984,000 4,344,000 6,180,000 6,184,000 4,504,000
5,784,000 5,788,000 4,187,200 5,984,000 5,988,000 4,347,200 6,184,000 6,188,000 4,507,200
5,788,000 5,792,000 4,190,400 5,988,000 5,992,000 4,350,400 6,188,000 6,192,000 4,510,400
5,792,000 5,796,000 4,193,600 5,992,000 5,996,000 4,353,600 6,192,000 6,196,000 4,513,600
5,796,000 5,800,000 4,196,800 5,996,000 6,000,000 4,356,800 6,196,000 6,200,000 4,516,800
5,800,000 5,804,000 4,200,000 6,000,000 6,004,000 4,360,000 6,200,000 6,204,000 4,520,000
5,804,000 5,808,000 4,203,200 6,004,000 6,008,000 4,363,200 6,204,000 6,208,000 4,523,200
5,808,000 5,812,000 4,206,400 6,008,000 6,012,000 4,366,400 6,208,000 6,212,000 4,526,400
5,812,000 5,816,000 4,209,600 6,012,000 6,016,000 4,369,600 6,212,000 6,216,000 4,529,600
5,816,000 5,820,000 4,212,800 6,016,000 6,020,000 4,372,800 6,216,000 6,220,000 4,532,800
5,820,000 5,824,000 4,216,000 6,020,000 6,024,000 4,376,000 6,220,000 6,224,000 4,536,000
5,824,000 5,828,000 4,219,200 6,024,000 6,028,000 4,379,200 6,224,000 6,228,000 4,539,200
5,828,000 5,832,000 4,222,400 6,028,000 6,032,000 4,382,400 6,228,000 6,232,000 4,542,400
5,832,000 5,836,000 4,225,600 6,032,000 6,036,000 4,385,600 6,232,000 6,236,000 4,545,600
5,836,000 5,840,000 4,228,800 6,036,000 6,040,000 4,388,800 6,236,000 6,240,000 4,548,800
5,840,000 5,844,000 4,232,000 6,040,000 6,044,000 4,392,000 6,240,000 6,244,000 4,552,000
5,844,000 5,848,000 4,235,200 6,044,000 6,048,000 4,395,200 6,244,000 6,248,000 4,555,200
5,848,000 5,852,000 4,238,400 6,048,000 6,052,000 4,398,400 6,248,000 6,252,000 4,558,400
5,852,000 5,856,000 4,241,600 6,052,000 6,056,000 4,401,600 6,252,000 6,256,000 4,561,600
5,856,000 5,860,000 4,244,800 6,056,000 6,060,000 4,404,800 6,256,000 6,260,000 4,564,800
5,860,000 5,864,000 4,248,000 6,060,000 6,064,000 4,408,000 6,260,000 6,264,000 4,568,000
5,864,000 5,868,000 4,251,200 6,064,000 6,068,000 4,411,200 6,264,000 6,268,000 4,571,200
5,868,000 5,872,000 4,254,400 6,068,000 6,072,000 4,414,400 6,268,000 6,272,000 4,574,400
5,872,000 5,876,000 4,257,600 6,072,000 6,076,000 4,417,600 6,272,000 6,276,000 4,577,600
5,876,000 5,880,000 4,260,800 6,076,000 6,080,000 4,420,800 6,276,000 6,280,000 4,580,800
5,880,000 5,884,000 4,264,000 6,080,000 6,084,000 4,424,000 6,280,000 6,284,000 4,584,000
5,884,000 5,888,000 4,267,200 6,084,000 6,088,000 4,427,200 6,284,000 6,288,000 4,587,200
5,888,000 5,892,000 4,270,400 6,088,000 6,092,000 4,430,400 6,288,000 6,292,000 4,590,400
5,892,000 5,896,000 4,273,600 6,092,000 6,096,000 4,433,600 6,292,000 6,296,000 4,593,600
5,896,000 5,900,000 4,276,800 6,096,000 6,100,000 4,436,800 6,296,000 6,300,000 4,596,800
5,900,000 5,904,000 4,280,000 6,100,000 6,104,000 4,440,000 6,300,000 6,304,000 4,600,000
5,904,000 5,908,000 4,283,200 6,104,000 6,108,000 4,443,200 6,304,000 6,308,000 4,603,200
5,908,000 5,912,000 4,286,400 6,108,000 6,112,000 4,446,400 6,308,000 6,312,000 4,606,400
5,912,000 5,916,000 4,289,600 6,112,000 6,116,000 4,449,600 6,312,000 6,316,000 4,609,600
5,916,000 5,920,000 4,292,800 6,116,000 6,120,000 4,452,800 6,316,000 6,320,000 4,612,800
5,920,000 5,924,000 4,296,000 6,120,000 6,124,000 4,456,000 6,320,000 6,324,000 4,616,000
5,924,000 5,928,000 4,299,200 6,124,000 6,128,000 4,459,200 6,324,000 6,328,000 4,619,200
5,928,000 5,932,000 4,302,400 6,128,000 6,132,000 4,462,400 6,328,000 6,332,000 4,622,400
5,932,000 5,936,000 4,305,600 6,132,000 6,136,000 4,465,600 6,332,000 6,336,000 4,625,600
5,936,000 5,940,000 4,308,800 6,136,000 6,140,000 4,468,800 6,336,000 6,340,000 4,628,800
5,940,000 5,944,000 4,312,000 6,140,000 6,144,000 4,472,000 6,340,000 6,344,000 4,632,000
5,944,000 5,948,000 4,315,200 6,144,000 6,148,000 4,475,200 6,344,000 6,348,000 4,635,200
5,948,000 5,952,000 4,318,400 6,148,000 6,152,000 4,478,400 6,348,000 6,352,000 4,638,400
5,952,000 5,956,000 4,321,600 6,152,000 6,156,000 4,481,600 6,352,000 6,356,000 4,641,600
5,956,000 5,960,000 4,324,800 6,156,000 6,160,000 4,484,800 6,356,000 6,360,000 4,644,800
5,960,000 5,964,000 4,328,000 6,160,000 6,164,000 4,488,000 6,360,000 6,364,000 4,648,000
5,964,000 5,968,000 4,331,200 6,164,000 6,168,000 4,491,200 6,364,000 6,368,000 4,651,200
5,968,000 5,972,000 4,334,400 6,168,000 6,172,000 4,494,400 6,368,000 6,372,000 4,654,400
